11.89733 204.2831
20.43743 257.3756
55.56135 330.6535
103.7984 371.9113
203.1812 411.8868
210.382 414.3072
273.4061 427.8826
341.2689 436.8996
388.462 436.3539
474.8726 419.5402
570.0601 385.8071
612.97 356.283
626.8885 345.9445
655.4615 313.9269
671.6649 281.4081
678.2389 265.0412
680.6227 208.889
681.5679 186.7935
641.8304 123.6434
612.2161 93.07163
576.4774 67.95503
515.6849 43.83747
445.9033 23.4579
424.1154 19.04197
391.5212 13.47016
372.5936 13.02642
255.3981 21.95663
160.8149 48.86874
131.2576 62.34764
49.88911 128.7848
22.1432 178.0852
