11.35905 220.5383
12.56621 247.5509
18.47734 269.5589
26.92957 285.7329
41.2587 313.0602
50.43778 324.9775
68.63984 342.1126
86.50435 358.8919
103.2895 372.1297
110.7964 377.8695
144.4412 394.1974
190.0615 413.2493
228.7231 425.8152
248.3683 429.8962
280.9364 435.1934
302.8092 437.8694
349.7054 438.0806
402.2758 436.6137
428.9046 432.9071
457.8514 427.9019
492.9557 419.0066
540.6348 401.0851
550.8992 396.9166
595.4537 370.2369
625.1073 348.0999
653.7177 315.563
661.0781 303.5421
678.4453 268.6439
685.8988 246.0024
686.4315 223.2234
687.731 222.8208
682.8172 188.3884
672.8514 163.7689
654.5693 132.0378
626.2756 103.6998
613.0258 91.06287
584.5004 72.95626
559.0706 57.34768
542.8188 49.62023
536.5324 46.77013
509.3538 37.03212
490.7377 31.31292
459.0612 22.44516
434.3994 17.97888
414.5923 15.38835
383.8607 11.8984
364.2996 11.59674
290.2094 16.14436
251.572 20.43848
181.4049 40.37569
160.9274 46.30099
119.0603 67.77902
90.51765 86.47889
75.49206 98.34386
45.38655 132.0823
23.0969 167.6551
19.51252 176.7444
16.54743 189.5228
